5.06667 0 13.7417
5.00243 0 14.0112
4.94768 0 14.2781
4.90237 0 14.5422
4.86645 0 14.8036
4.83988 0 15.0619
4.82259 0 15.3172
4.81454 0 15.5693
4.81568 0 15.8181
4.82597 0 16.0634
4.84534 0 16.3052
4.87376 0 16.5432
4.91116 0 16.7775
4.95751 0 17.0078
5.01274 0 17.2341
5.07682 0 17.4561
5.14969 0 17.6739
5.2313 0 17.8873
5.32159 0 18.0961
5.42054 0 18.3003
5.52807 0 18.4997
5.64414 0 18.6941
5.7687 0 18.8836
5.90171 0 19.0679
6.0431 0 19.2469
6.19284 0 19.4206
6.35087 0 19.5887
6.51713 0 19.7512
6.69159 0 19.9079
6.8742 0 20.0588
7.06489 0 20.2037
7.26362 0 20.3424
7.47035 0 20.4749
7.68502 0 20.6011
7.75833 0 20.6417
7.98346 0 20.7591
8.2161 0 20.87
8.4559 0 20.9742
8.70249 0 21.0717
8.95551 0 21.1623
9.21461 0 21.246
9.47942 0 21.3227
9.74958 0 21.3924
10.0247 0 21.455
10.3045 0 21.5103
10.5886 0 21.5584
10.8765 0 21.5991
11.168 0 21.6324
11.4627 0 21.6581
11.7603 0 21.6763
12.0603 0 21.6869
12.3624 0 21.6896
12.6662 0 21.6846
12.9715 0 21.6717
13.2777 0 21.6509
13.5847 0 21.622
13.8919 0 21.585
14.1991 0 21.5398
14.5059 0 21.4863
14.8118 0 21.4245
15.1167 0 21.3543
15.4201 0 21.2755
15.7216 0 21.1883
16.0208 0 21.0924
16.3176 0 20.9877
16.6113 0 20.8743
16.9018 0 20.752
17.1886 0 20.6208
17.2833 0 20.575
17.5647 0 20.4318
17.8415 0 20.2803
18.1134 0 20.121
18.3799 0 19.9547
18.6408 0 19.7819
18.8954 0 19.6034
19.1436 0 19.4197
19.3848 0 19.2317
19.6186 0 19.0398
19.8447 0 18.8448
20.0627 0 18.6474
20.2722 0 18.4481
20.4727 0 18.2477
20.6639 0 18.0468
20.8453 0 17.846
21.0166 0 17.6461
21.1774 0 17.4476
21.3272 0 17.2512
21.4658 0 17.0577
21.5925 0 16.8676
21.7072 0 16.6816
21.8093 0 16.5004
21.8985 0 16.3245
21.9743 0 16.1548
22.0365 0 15.9918
22.0845 0 15.8362
22.1179 0 15.6886
22.1364 0 15.5498
22.1397 0 15.4203
22.1271 0 15.3008
22.0985 0 15.192
22.0533 0 15.0945
21.9912 0 15.009
21.9667 0 14.9833
21.8816 0 14.9147
21.7797 0 14.8583
21.6617 0 14.8137
21.5284 0 14.7802
21.3804 0 14.7573
21.2184 0 14.7443
21.0431 0 14.7408
20.8553 0 14.7462
20.6555 0 14.7599
20.4445 0 14.7812
20.2231 0 14.8097
19.9918 0 14.8447
19.7514 0 14.8858
19.5025 0 14.9322
19.246 0 14.9835
18.9824 0 15.039
18.7125 0 15.0982
18.4369 0 15.1606
18.1564 0 15.2255
17.8717 0 15.2923
17.5834 0 15.3606
17.2922 0 15.4297
16.9989 0 15.499
16.704 0 15.568
16.4085 0 15.6361
16.1128 0 15.7027
15.8178 0 15.7673
15.524 0 15.8292
15.2323 0 15.888
14.9433 0 15.943
14.6577 0 15.9936
14.3761 0 16.0393
14.0994 0 16.0796
14.0083 0 16.0917
13.739 0 16.1238
13.4754 0 16.1496
13.2177 0 16.169
12.966 0 16.1821
12.7204 0 16.1887
12.481 0 16.1887
12.2478 0 16.1822
12.021 0 16.1691
11.8007 0 16.1494
11.5869 0 16.1229
11.3797 0 16.0896
11.1793 0 16.0495
10.9856 0 16.0026
10.7989 0 15.9487
10.6192 0 15.8879
10.4465 0 15.82
10.2811 0 15.7451
10.1229 0 15.663
9.97208 0 15.5737
9.82873 0 15.4773
9.69293 0 15.3735
9.56478 0 15.2624
9.44436 0 15.1439
9.33176 0 15.018
9.22708 0 14.8846
9.13042 0 14.7437
9.04185 0 14.5952
8.96148 0 14.439
8.88939 0 14.2752
8.82568 0 14.1036
8.77044 0 13.9242
8.72376 0 13.7369
8.68574 0 13.5418
8.675 0 13.475
8.64854 0 13.2694
8.63029 0 13.0567
8.61966 0 12.8376
8.61609 0 12.613
8.61901 0 12.3838
8.62784 0 12.1507
8.64202 0 11.9145
8.66096 0 11.6762
8.68409 0 11.4364
8.71085 0 11.196
8.74066 0 10.9559
8.77295 0 10.7169
8.80714 0 10.4798
8.84267 0 10.2453
8.87896 0 10.0144
8.91544 0 9.78781
8.95154 0 9.56641
8.98668 0 9.35099
9.02029 0 9.14238
9.0518 0 8.9414
9.08064 0 8.74887
9.10623 0 8.56562
9.12801 0 8.39245
9.14539 0 8.2302
9.15781 0 8.07969
9.1647 0 7.94173
9.16548 0 7.81714
9.15958 0 7.70675
9.14643 0 7.61138
9.12545 0 7.53185
9.09608 0 7.46898
9.05773 0 7.42358
9.00985 0 7.39649
8.99167 0 7.39167
8.93036 0 7.39
8.85935 0 7.40708
8.77922 0 7.44224
8.69058 0 7.49483
8.59401 0 7.56419
8.49011 0 7.64966
8.37948 0 7.75059
8.26271 0 7.86632
8.1404 0 7.9962
8.01314 0 8.13957
7.88153 0 8.29577
7.74617 0 8.46415
7.60764 0 8.64405
7.46655 0 8.83482
7.32349 0 9.0358
7.17905 0 9.24633
7.03384 0 9.46576
6.88844 0 9.69343
6.74345 0 9.92868
6.59947 0 10.1709
6.45709 0 10.4193
6.31691 0 10.6734
6.17952 0 10.9324
6.04551 0 11.1958
5.9155 0 11.4628
5.79006 0 11.7327
5.66979 0 12.0051
5.5553 0 12.2791
5.44717 0 12.5541
